"S1: AssuredEffectivness{R1,P}^Total(u1)": 19,23,30,29,25,12,31,22,11,2,17,26,34,16,20,24,36,9,1,33,28,4,35,3,32,10,27,13,7,21,8,15,18,37,6,5,14
"S2: AssuredEffectivness{R1,P}^Partial(u1)": 19,23,30,29,25,12,31,22,11,2,17,26,34,16,20,24,36,9,1,33,28,4,35,3,32,10,27,13,7,21,8,15,18,37,6,5,14
"S3: AssuredEffectivness{R2,P}^Total(u1)": 19,23,30,29,25,12,31,22,11,2,17,26,34,16,20,24,36,1,33,28,4,35,3,32,27,13,7,21,8,15,18,37,6,5,14
"S4: AssuredEffectivness{R2,P}^Partial(u1)": 19,23,30,29,25,12,31,22,11,2,17,26,34,16,20,24,36,9,1,33,28,4,35,3,32,10,27,13,7,21,8,15,18,37,6,5,14
"S5: AssuredEffectivness{R3,P}^Total(u1)": 23,30,29,25,12,31,22,11,2,17,26,34,16,20,24,36,1,33,28,4,35,3,27,13,7,21,8,15,18,37,6,14
"S6: AssuredEffectivness{R3,P}^Partial(u1)": 23,30,29,25,12,31,22,11,2,17,26,34,16,20,24,36,9,1,33,28,4,35,3,10,27,13,7,21,8,15,18,37,6,14
"S7: AssuredEffectivness{R1,P}^Total(u2)": 19,23,30,29,25,12,31,22,11,2,17,26,34,16,20,24,36,9,1,33,28,4,35,3,32,10,27,13,7,21,8,15,18,37,6,5,14
"S8: AssuredEffectivness{R1,P}^Partial(u2)": 19,23,30,29,25,12,31,22,11,2,17,26,34,16,20,24,36,9,1,33,28,4,35,3,32,10,27,13,7,21,8,15,18,37,6,5,14
"S9: AssuredEffectivness{R2,P}^Total(u2)": 19,23,30,29,25,12,31,22,11,2,17,26,34,16,20,24,36,1,33,28,4,35,3,32,27,13,7,21,8,15,18,37,6,5,14
"S10: AssuredEffectivness{R2,P}^Partial(u2)": 19,23,30,29,25,12,31,22,11,2,17,26,34,16,20,24,36,9,1,33,28,4,35,3,32,10,27,13,7,21,8,15,18,37,6,5,14
"S11: AssuredEffectivness{R3,P}^Total(u2)": 23,30,29,25,12,31,22,11,2,17,26,34,16,20,24,36,1,33,28,4,35,3,27,13,7,21,8,15,18,37,6,14
"S12: AssuredEffectivness{R3,P}^Partial(u2)": 23,30,29,25,12,31,22,11,2,17,26,34,16,20,24,36,9,1,33,28,4,35,3,10,27,13,7,21,8,15,18,37,6,14
"S13: AssuredEffectivness{R1,P}^Total(u3)": 19,23,30,29,25,12,31,22,11,2,17,26,34,16,20,24,36,9,1,33,28,4,35,3,32,10,27,13,7,21,8,15,18,37,6,5,14
"S14: AssuredEffectivness{R1,P}^Partial(u3)": 19,23,30,29,25,12,31,22,11,2,17,26,34,16,20,24,36,9,1,33,28,4,35,3,32,10,27,13,7,21,8,15,18,37,6,5,14
"S15: AssuredEffectivness{R2,P}^Total(u3)": 19,23,30,29,25,12,31,22,11,2,17,26,34,16,20,24,36,1,33,28,4,35,3,32,27,13,7,21,8,15,18,37,6,5,14
"S16: AssuredEffectivness{R2,P}^Partial(u3)": 19,23,30,29,25,12,31,22,11,2,17,26,34,16,20,24,36,9,1,33,28,4,35,3,32,10,27,13,7,21,8,15,18,37,6,5,14
"S17: AssuredEffectivness{R3,P}^Total(u3)": 23,30,29,25,12,31,22,11,2,17,26,34,16,20,24,36,1,33,28,4,35,3,27,13,7,21,8,15,18,37,6,14
"S18: AssuredEffectivness{R3,P}^Partial(u3)": 23,30,29,25,12,31,22,11,2,17,26,34,16,20,24,36,9,1,33,28,4,35,3,10,27,13,7,21,8,15,18,37,6,14
