"S1: PotentialEffectivness{R1,P}^Total(u1)": 19,23,30,29,25,12,31,22,11,2,17,26,34,16,20,24,36,9,1,33,28,4,35,3,32,10,27,13,7,21,37,8,15,18,6,5,14
"S1: PotentialEffectivness{R1,P}^Partial(u1)": 19,23,30,29,25,12,31,22,11,2,17,26,34,16,20,24,36,9,1,33,28,4,35,3,32,10,27,13,7,21,37,8,15,18,6,5,14
"S3: PotentialEffectivness{R2,P}^Total(u1)": 19,23,30,29,25,12,31,22,11,2,17,26,34,16,20,24,36,1,33,28,4,35,3,32,27,13,7,21,37,8,15,18,6,5,14
"S3: PotentialEffectivness{R2,P}^Partial(u1)": 19,23,30,29,25,12,31,22,11,2,17,26,34,16,20,24,36,9,1,33,28,4,35,3,32,10,27,13,7,21,37,8,15,18,6,5,14
"S5: PotentialEffectivness{R3,P}^Total(u1)": 23,30,29,25,12,31,22,11,2,17,26,34,16,20,24,36,1,33,28,4,35,3,32,27,13,7,21,37,8,15,18,6,14
"S5: PotentialEffectivness{R3,P}^Partial(u1)": 23,30,29,25,12,31,22,11,2,17,26,34,16,20,24,36,9,1,33,28,4,35,3,32,10,27,13,7,21,37,8,15,18,6,14
"S7: PotentialEffectivness{R1,P}^Total(u2)": 19,23,30,29,25,12,31,22,11,2,17,26,34,16,20,24,36,9,1,33,28,4,35,3,32,10,27,13,7,21,37,8,15,18,6,5,14
"S7: PotentialEffectivness{R1,P}^Partial(u2)": 19,23,30,29,25,12,31,22,11,2,17,26,34,16,20,24,36,9,1,33,28,4,35,3,32,10,27,13,7,21,37,8,15,18,6,5,14
"S9: PotentialEffectivness{R2,P}^Total(u2)": 19,23,30,29,25,12,31,22,11,2,17,26,34,16,20,24,36,1,33,28,4,35,3,32,27,13,7,21,37,8,15,18,6,5,14
"S9: PotentialEffectivness{R2,P}^Partial(u2)": 19,23,30,29,25,12,31,22,11,2,17,26,34,16,20,24,36,9,1,33,28,4,35,3,32,10,27,13,7,21,37,8,15,18,6,5,14
"S11: PotentialEffectivness{R3,P}^Total(u2)": 23,30,29,25,12,31,22,11,2,17,26,34,16,20,24,36,1,33,28,4,35,3,32,27,13,7,21,37,8,15,18,6,14
"S11: PotentialEffectivness{R3,P}^Partial(u2)": 23,30,29,25,12,31,22,11,2,17,26,34,16,20,24,36,9,1,33,28,4,35,3,32,10,27,13,7,21,37,8,15,18,6,14
"S13: PotentialEffectivness{R1,P}^Total(u3)": 19,23,30,29,25,12,31,22,11,2,17,26,34,16,20,24,36,9,1,33,28,4,35,3,32,10,27,13,7,21,37,8,15,18,6,5,14
"S13: PotentialEffectivness{R1,P}^Partial(u3)": 19,23,30,29,25,12,31,22,11,2,17,26,34,16,20,24,36,9,1,33,28,4,35,3,32,10,27,13,7,21,37,8,15,18,6,5,14
"S15: PotentialEffectivness{R2,P}^Total(u3)": 19,23,30,29,25,12,31,22,11,2,17,26,34,16,20,24,36,1,33,28,4,35,3,32,27,13,7,21,37,8,15,18,6,5,14
"S15: PotentialEffectivness{R2,P}^Partial(u3)": 19,23,30,29,25,12,31,22,11,2,17,26,34,16,20,24,36,9,1,33,28,4,35,3,32,10,27,13,7,21,37,8,15,18,6,5,14
"S17: PotentialEffectivness{R3,P}^Total(u3)": 23,30,29,25,12,31,22,11,2,17,26,34,16,20,24,36,1,33,28,4,35,3,32,27,13,7,21,37,8,15,18,6,14
"S17: PotentialEffectivness{R3,P}^Partial(u3)": 23,30,29,25,12,31,22,11,2,17,26,34,16,20,24,36,9,1,33,28,4,35,3,32,10,27,13,7,21,37,8,15,18,6,14
